4.488586485385894775e-01 1.601182967424392700e-01 1.562168002128601074e-01 8.024224638938903809e-02 3.400227427482604980e-02
4.402465820312500000e-01 1.572091877460479736e-01 1.643157005310058594e-01 8.414930105209350586e-02 3.237331286072731018e-02
4.373465776443481445e-01 1.446770429611206055e-01 1.385066509246826172e-01 4.581618309020996094e-02 3.222855925559997559e-02
4.238912761211395264e-01 1.526411622762680054e-01 1.796501278877258301e-01 7.165525108575820923e-02 3.166146948933601379e-02
4.028427228331565857e-02 1.315994933247566223e-02 6.489083915948867798e-02 4.173188656568527222e-02 3.124676644802093506e-02
4.372583925724029541e-01 1.526587754487991333e-01 1.388995051383972168e-01 7.610073685646057129e-02 3.083497099578380585e-02
4.410304725170135498e-01 1.426541209220886230e-01 1.357535719871520996e-01 4.044393450021743774e-02 3.073573485016822815e-02
4.393901228904724121e-01 1.431747078895568848e-01 1.411544382572174072e-01 4.436562210321426392e-02 3.054049424827098846e-02
4.971057176589965820e-02 1.309563964605331421e-02 6.401360034942626953e-02 4.055611044168472290e-02 2.667859382927417755e-02
4.339657723903656006e-01 1.430360525846481323e-01 1.265228986740112305e-01 4.964047670364379883e-02 2.665323019027709961e-02
4.348437786102294922e-01 1.435744017362594604e-01 1.427682638168334961e-01 5.032670497894287109e-02 2.644104138016700745e-02
4.379454553127288818e-01 1.424228698015213013e-01 1.515850424766540527e-01 4.416611045598983765e-02 2.643376402556896210e-02
4.394084513187408447e-01 1.454930156469345093e-01 1.494295001029968262e-01 4.917514324188232422e-02 2.591338939964771271e-02
4.482115805149078369e-01 1.477765440940856934e-01 1.698722243309020996e-01 4.271012544631958008e-02 2.480297908186912537e-02
4.435295760631561279e-01 1.440335959196090698e-01 1.221920847892761230e-01 3.970273584127426147e-02 2.451037243008613586e-02
4.310419857501983643e-01 1.393423676490783691e-01 1.343233585357666016e-01 4.082229733467102051e-02 2.434899657964706421e-02
4.466537833213806152e-01 1.517234742641448975e-01 1.545068025588989258e-01 5.358311533927917480e-02 2.351141348481178284e-02
4.473735392093658447e-01 1.497776359319686890e-01 1.582567095756530762e-01 5.121781677007675171e-02 2.348980866372585297e-02
4.432867765426635742e-01 1.481073647737503052e-01 1.409597098827362061e-01 5.403631925582885742e-02 2.338711731135845184e-02
4.439447522163391113e-01 1.603681743144989014e-01 1.503316462039947510e-01 8.968216180801391602e-02 2.314614504575729370e-02
4.458355307579040527e-01 1.508761495351791382e-01 1.403304040431976318e-01 5.424758046865463257e-02 2.276905626058578491e-02
4.242002964019775391e-01 1.571781635284423828e-01 2.090335190296173096e-01 8.339825272560119629e-02 2.276242710649967194e-02
4.409969151020050049e-01 1.444800496101379395e-01 1.556656956672668457e-01 4.728531092405319214e-02 2.271832339465618134e-02
3.347570300102233887e-01 1.386013478040695190e-01 3.405368328094482422e-01 5.001842230558395386e-02 2.261869795620441437e-02
4.476499855518341064e-01 1.642175018787384033e-01 1.934842467308044434e-01 9.009644389152526855e-02 2.248778752982616425e-02
4.468818306922912598e-01 1.473431438207626343e-01 1.319783031940460205e-01 4.145601391792297363e-02 2.186717279255390167e-02
2.411066889762878418e-01 1.211977303028106689e-01 2.549530267715454102e-01 6.207203865051269531e-02 2.132304012775421143e-02
4.445067048072814941e-01 1.474583595991134644e-01 1.369617283344268799e-01 4.562401771545410156e-02 2.110834605991840363e-02
3.513726592063903809e-01 1.397801637649536133e-01 3.665893971920013428e-01 5.129793286323547363e-02 2.102427370846271515e-02
4.430604875087738037e-01 1.678122729063034058e-01 1.581961512565612793e-01 1.062842309474945068e-01 1.932007074356079102e-02
4.292749762535095215e-01 1.681592166423797607e-01 1.744424402713775635e-01 9.672373533248901367e-02 1.929756067693233490e-02
4.230572581291198730e-01 1.531251370906829834e-01 3.021984100341796875e-01 6.849139928817749023e-02 1.923937350511550903e-02
1.744805872440338135e-01 1.369379162788391113e-01 3.515338301658630371e-01 1.419110298156738281e-01 1.920037530362606049e-02
4.372787177562713623e-01 1.388040781021118164e-01 1.526464819908142090e-01 4.044395685195922852e-02 1.886289007961750031e-02
2.424828410148620605e-01 2.202200889587402344e-01 5.247359275817871094e-01 3.178774118423461914e-01 1.869196631014347076e-02
4.587331414222717285e-01 1.720570772886276245e-01 1.887799799442291260e-01 1.038589179515838623e-01 1.845968142151832581e-02
3.513839542865753174e-01 1.285734176635742188e-01 1.786704659461975098e-01 2.955240011215209961e-02 1.807521097362041473e-02
6.724853068590164185e-02 7.918867468833923340e-02 8.827154338359832764e-02 3.393286839127540588e-02 1.785694807767868042e-02
3.536794483661651611e-01 1.477421522140502930e-01 3.493005633354187012e-01 5.646049976348876953e-02 1.782866381108760834e-02
3.378460407257080078e-01 1.458238363265991211e-01 3.413521051406860352e-01 5.598773807287216187e-02 1.762642152607440948e-02
4.090473949909210205e-01 1.427287310361862183e-01 2.349547743797302246e-01 6.655621528625488281e-02 1.757692359387874603e-02
2.415435910224914551e-01 2.890401482582092285e-01 4.774293303489685059e-01 4.081774353981018066e-01 1.719159074127674103e-02
3.120699822902679443e-01 2.324987053871154785e-01 6.265378594398498535e-01 3.096210956573486328e-01 1.709856651723384857e-02
2.137647569179534912e-01 1.454583555459976196e-01 3.692608475685119629e-01 1.480967998504638672e-01 1.701401174068450928e-02
2.749905288219451904e-01 1.817791014909744263e-01 4.216578602790832520e-01 1.564020216464996338e-01 1.699519343674182892e-02
4.912837222218513489e-02 1.990561932325363159e-02 6.973201781511306763e-02 3.770955651998519897e-02 1.668422669172286987e-02
8.402434736490249634e-02 8.999848365783691406e-02 1.622449606657028198e-01 7.298827916383743286e-02 1.656770706176757812e-02
2.574075758457183838e-01 1.455291807651519775e-01 4.791550040245056152e-01 1.295224130153656006e-01 1.654751040041446686e-02
2.755820453166961670e-01 1.689808964729309082e-01 2.078925967216491699e-01 1.183274090290069580e-01 1.654455438256263733e-02
2.434912323951721191e-01 1.316327899694442749e-01 2.501227259635925293e-01 7.109764963388442993e-02 1.649589277803897858e-02
2.441036403179168701e-01 1.383080780506134033e-01 2.107198834419250488e-01 7.017835974693298340e-02 1.635850965976715088e-02
1.043980941176414490e-01 8.063732832670211792e-02 1.996348947286605835e-01 6.705698370933532715e-02 1.628193445503711700e-02
3.029022216796875000e-01 1.896222382783889771e-01 4.705511331558227539e-01 1.705317795276641846e-01 1.619440689682960510e-02
2.405895590782165527e-01 2.587858736515045166e-01 5.428123474121093750e-01 3.721664547920227051e-01 1.610244438052177429e-02
4.546348154544830322e-01 1.543268561363220215e-01 1.399381756782531738e-01 5.245840549468994141e-02 1.606722548604011536e-02
3.172719478607177734e-01 1.368009299039840698e-01 3.519278764724731445e-01 5.613654851913452148e-02 1.589297689497470856e-02
2.716081440448760986e-01 2.012993991374969482e-01 3.526440262794494629e-01 1.965945363044738770e-01 1.587963290512561798e-02
2.688419520854949951e-01 1.503052562475204468e-01 2.099345922470092773e-01 9.678330272436141968e-02 1.579160057008266449e-02
4.522861838340759277e-01 1.852387785911560059e-01 1.835065186023712158e-01 1.405868530273437500e-01 1.555113587528467178e-02
4.451737999916076660e-01 1.780309528112411499e-01 1.960683763027191162e-01 1.300338506698608398e-01 1.542682666331529617e-02
4.662504196166992188e-01 1.678726077079772949e-01 2.513201236724853516e-01 9.687906503677368164e-02 1.529625244438648224e-02
4.074489176273345947e-01 1.588918715715408325e-01 2.726065516471862793e-01 8.674579858779907227e-02 1.525732316076755524e-02
3.109893500804901123e-01 2.214714884757995605e-01 3.483881354331970215e-01 2.350233793258666992e-01 1.523575186729431152e-02
5.594562292098999023e-01 5.161682367324829102e-01 6.221596002578735352e-01 5.019342899322509766e-01 1.518822927027940750e-02
5.281149148941040039e-01 3.375307321548461914e-01 7.184685468673706055e-01 3.095196485519409180e-01 1.514984760433435440e-02
3.229969739913940430e-01 2.032095640897750854e-01 4.031057059764862061e-01 1.799427568912506104e-01 1.514147687703371048e-02
2.560481131076812744e-01 1.434975564479827881e-01 2.375892847776412964e-01 9.646961092948913574e-02 1.513475086539983749e-02
2.503733634948730469e-01 1.208707243204116821e-01 2.844285964965820312e-01 7.233497500419616699e-02 1.513119693845510483e-02
4.644870758056640625e-01 1.824619174003601074e-01 2.143153250217437744e-01 1.211833953857421875e-01 1.507468149065971375e-02
6.852634996175765991e-02 8.519875258207321167e-02 8.440743386745452881e-02 3.608794510364532471e-02 1.504645869135856628e-02
6.236287951469421387e-02 9.727761745452880859e-01 9.568402171134948730e-02 3.169107437133789062e-02 1.489544380456209183e-02
1.061346530914306641e-01 8.967283368110656738e-02 1.767295002937316895e-01 7.271680235862731934e-02 1.484305877238512039e-02
2.492766231298446655e-01 1.277030408382415771e-01 1.320340335369110107e-01 4.975838214159011841e-02 1.471768412739038467e-02
5.865463614463806152e-01 4.940148890018463135e-01 6.546165943145751953e-01 4.966534972190856934e-01 1.471238303929567337e-02
3.572363257408142090e-01 2.164490669965744019e-01 4.464826583862304688e-01 2.139127552509307861e-01 1.465777866542339325e-02
3.017032146453857422e-01 1.695649325847625732e-01 5.013208389282226562e-01 1.468283534049987793e-01 1.462739799171686172e-02
2.411378771066665649e-01 1.252871304750442505e-01 1.041031181812286377e-01 4.857844114303588867e-02 1.461316365748643875e-02
2.178077697753906250e-01 1.597869694232940674e-01 3.596004247665405273e-01 1.576349139213562012e-01 1.458071358501911163e-02
4.319059848785400391e-01 1.956048756837844849e-01 4.681403338909149170e-01 1.348508298397064209e-01 1.448803395032882690e-02
4.161709845066070557e-01 1.411032974720001221e-01 2.786938548088073730e-01 7.142252475023269653e-02 1.441080775111913681e-02
2.546254694461822510e-01 1.347688734531402588e-01 3.123470544815063477e-01 7.872864603996276855e-02 1.437680050730705261e-02
3.089377284049987793e-01 2.547745704650878906e-01 3.143886923789978027e-01 2.818962335586547852e-01 1.422449108213186264e-02
6.591442227363586426e-02 1.997753381729125977e-01 7.474955916404724121e-02 4.849749803543090820e-02 1.416222378611564636e-02
2.417434155941009521e-01 1.226628497242927551e-01 1.154051274061203003e-01 4.939343035221099854e-02 1.415017247200012207e-02
1.812474131584167480e-01 1.573330760002136230e-01 3.432590961456298828e-01 1.586069464683532715e-01 1.414839643985033035e-02
2.430505156517028809e-01 1.244025304913520813e-01 1.312616020441055298e-01 5.408836901187896729e-02 1.404632162302732468e-02
6.015259772539138794e-02 2.016914635896682739e-02 7.978539168834686279e-02 3.209312260150909424e-02 1.402810029685497284e-02
3.732168376445770264e-01 5.563887953758239746e-01 2.646078467369079590e-01 1.616177856922149658e-01 1.395626086741685867e-02
2.198477685451507568e-01 1.182601675391197205e-01 1.980590820312500000e-01 7.688687741756439209e-02 1.393350400030612946e-02
2.248161435127258301e-01 1.788046360015869141e-01 3.625895977020263672e-01 1.609004139900207520e-01 1.378915831446647644e-02
1.287622749805450439e-01 9.107708930969238281e-02 2.044755518436431885e-01 6.211863458156585693e-02 1.375156547874212265e-02
2.344992309808731079e-01 1.185444220900535583e-01 1.109230816364288330e-01 5.583880841732025146e-02 1.364371832460165024e-02
1.553885191679000854e-01 9.421893209218978882e-02 2.402631342411041260e-01 6.133688986301422119e-02 1.356095075607299805e-02
2.598170638084411621e-01 1.654518991708755493e-01 4.299159049987792969e-01 1.497046351432800293e-01 1.355357933789491653e-02
8.501887321472167969e-02 5.695677995681762695e-01 1.382911801338195801e-01 8.006465435028076172e-02 1.353747770190238953e-02
1.293018162250518799e-01 8.091697096824645996e-02 2.153459191322326660e-01 6.541678309440612793e-02 1.352613419294357300e-02
4.427849054336547852e-01 1.494166105985641479e-01 3.074510097503662109e-01 7.238996028900146484e-02 1.345823146402835846e-02
3.163684308528900146e-01 1.450499594211578369e-01 3.303801417350769043e-01 5.950679630041122437e-02 1.345282420516014099e-02
4.550388455390930176e-01 2.821374833583831787e-01 7.167299985885620117e-01 3.202981352806091309e-01 1.341608632355928421e-02
3.231285810470581055e-01 2.037877440452575684e-01 2.294602990150451660e-01 1.147491335868835449e-01 1.338197197765111923e-02
8.717699348926544189e-02 1.939069926738739014e-01 1.618407070636749268e-01 8.976390957832336426e-02 1.323638577014207840e-02
8.668697625398635864e-02 2.001495659351348877e-01 1.377795189619064331e-01 9.664919972419738770e-02 1.314357481896877289e-02
3.212437331676483154e-01 2.677681744098663330e-01 5.430174469947814941e-01 3.145161271095275879e-01 1.312095113098621368e-02
7.610892504453659058e-02 7.734109461307525635e-02 9.771956503391265869e-02 3.411075472831726074e-02 1.306526176631450653e-02
3.241904675960540771e-01 1.750116348266601562e-01 4.975556731224060059e-01 1.627274155616760254e-01 1.301348768174648285e-02
3.729089498519897461e-01 5.484721660614013672e-01 2.890930175781250000e-01 1.709210872650146484e-01 1.297933794558048248e-02
3.873116374015808105e-01 2.739098966121673584e-01 6.416211128234863281e-01 3.149508833885192871e-01 1.295899413526058197e-02
5.603736639022827148e-01 4.490077197551727295e-01 6.301488876342773438e-01 4.389008879661560059e-01 1.295531727373600006e-02
6.679124236106872559e-01 4.859996438026428223e-01 6.375237703323364258e-01 4.195822179317474365e-01 1.290562469512224197e-02
4.703499078750610352e-01 1.591442376375198364e-01 2.872356176376342773e-01 8.294149488210678101e-02 1.278802659362554550e-02
2.278367429971694946e-01 1.273628324270248413e-01 2.087274491786956787e-01 7.580438256263732910e-02 1.274133659899234772e-02
4.824306368827819824e-01 1.723117977380752563e-01 2.775950431823730469e-01 7.861515879631042480e-02 1.272957306355237961e-02
3.578372895717620850e-01 1.553642451763153076e-01 3.520186543464660645e-01 6.796929240226745605e-02 1.272209733724594116e-02
3.707404732704162598e-01 1.956635415554046631e-01 5.304685831069946289e-01 1.615471094846725464e-01 1.270782761275768280e-02
5.403184145689010620e-02 3.091597259044647217e-01 6.978647410869598389e-02 3.905761241912841797e-02 1.270294655114412308e-02
7.749223709106445312e-02 8.527261018753051758e-02 9.446144104003906250e-02 3.514629602432250977e-02 1.269580796360969543e-02
3.993256688117980957e-01 5.554227232933044434e-01 3.143292665481567383e-01 1.939777433872222900e-01 1.269299257546663284e-02
8.238239586353302002e-02 7.910782098770141602e-02 1.919728815555572510e-01 6.988129019737243652e-02 1.268211007118225098e-02
5.990266203880310059e-01 4.576345086097717285e-01 6.377577781677246094e-01 4.729843139648437500e-01 1.265587750822305679e-02
2.789891660213470459e-01 1.213539987802505493e-01 3.061611056327819824e-01 6.838431954383850098e-02 1.264938432723283768e-02
3.217884004116058350e-01 2.142167091369628906e-01 2.271693348884582520e-01 1.274112313985824585e-01 1.261078007519245148e-02
1.196355298161506653e-01 9.662666320800781250e-01 8.853031694889068604e-02 3.426373004913330078e-02 1.260439306497573853e-02
7.992210984230041504e-02 8.250552415847778320e-01 1.516612172126770020e-01 7.230877876281738281e-02 1.255209930241107941e-02
3.257274627685546875e-01 2.150080054998397827e-01 2.182704806327819824e-01 1.170543730258941650e-01 1.255147252231836319e-02
3.545472323894500732e-01 2.250117063522338867e-01 3.895930647850036621e-01 2.326942533254623413e-01 1.251428946852684021e-02
3.650111854076385498e-01 5.704489350318908691e-01 2.331987172365188599e-01 1.724125146865844727e-01 1.247258018702268600e-02
6.042342185974121094e-01 5.168579220771789551e-01 6.019339561462402344e-01 4.724035263061523438e-01 1.246958971023559570e-02
1.054325550794601440e-01 5.812762379646301270e-01 1.436950266361236572e-01 7.034409046173095703e-02 1.244511734694242477e-02
4.027286767959594727e-01 1.959515810012817383e-01 5.041589736938476562e-01 1.498259156942367554e-01 1.242641732096672058e-02
2.026703804731369019e-01 1.181585043668746948e-01 3.610873520374298096e-01 1.588784158229827881e-01 1.241147052496671677e-02
1.591266989707946777e-01 1.035622432827949524e-01 2.105439305305480957e-01 5.975766479969024658e-02 1.239147316664457321e-02
4.799758791923522949e-01 3.632538318634033203e-01 5.566622018814086914e-01 4.427580535411834717e-01 1.237070467323064804e-02
5.467777848243713379e-01 4.935480952262878418e-01 6.594892740249633789e-01 5.046149492263793945e-01 1.230138354003429413e-02
3.371447324752807617e-01 5.839650034904479980e-01 1.564717292785644531e-01 8.081781864166259766e-02 1.228740531951189041e-02
3.106390237808227539e-01 2.411910146474838257e-01 3.593364953994750977e-01 2.451818287372589111e-01 1.222983002662658691e-02
3.500257432460784912e-01 5.607733130455017090e-01 2.080440968275070190e-01 1.446566283702850342e-01 1.220646407455205917e-02
3.352145850658416748e-01 1.932847797870635986e-01 5.131976008415222168e-01 1.685962080955505371e-01 1.219683326780796051e-02
5.323163866996765137e-01 3.821375370025634766e-01 6.991282701492309570e-01 4.470176398754119873e-01 1.218971703201532364e-02
5.885450839996337891e-01 4.268901348114013672e-01 6.322302818298339844e-01 4.248597621917724609e-01 1.218430884182453156e-02
3.138956725597381592e-01 1.979894936084747314e-01 2.516761422157287598e-01 1.030610501766204834e-01 1.216708682477474213e-02
2.096949219703674316e-01 8.319924473762512207e-01 1.329642534255981445e-01 7.256948947906494141e-02 1.215723901987075806e-02
3.586376905441284180e-01 1.790773421525955200e-01 3.109897375106811523e-01 1.162736713886260986e-01 1.214568316936492920e-02
7.542596757411956787e-02 8.241723179817199707e-01 8.094961941242218018e-02 3.664207458496093750e-02 1.213827636092901230e-02
7.397756725549697876e-02 7.306502759456634521e-02 9.189584851264953613e-02 3.645175695419311523e-02 1.203652378171682358e-02
1.812449991703033447e-01 9.045486897230148315e-02 1.526584178209304810e-01 2.820201218128204346e-02 1.201887987554073334e-02
4.210150241851806641e-01 2.558664679527282715e-01 4.976072609424591064e-01 2.987973093986511230e-01 1.201123185455799103e-02
2.850929796695709229e-01 1.373287886381149292e-01 3.428168296813964844e-01 6.957864761352539062e-02 1.199907809495925903e-02
4.487046003341674805e-01 1.605886071920394897e-01 3.038727045059204102e-01 8.368217945098876953e-02 1.197836082428693771e-02
3.406936526298522949e-01 2.994594871997833252e-01 4.862666130065917969e-01 3.967528939247131348e-01 1.196928229182958603e-02
2.929255366325378418e-01 1.755351126194000244e-01 2.463685125112533569e-01 1.113706827163696289e-01 1.195236574858427048e-02
1.632659137248992920e-01 1.158188134431838989e-01 3.254176378250122070e-01 1.668936312198638916e-01 1.193580497056245804e-02
3.160408139228820801e-01 1.692832261323928833e-01 3.124729394912719727e-01 1.107805073261260986e-01 1.191479153931140900e-02
1.155016049742698669e-01 1.984509825706481934e-02 7.841114699840545654e-02 3.478407859802246094e-02 1.189747452735900879e-02
2.782329320907592773e-01 1.447387039661407471e-01 3.222434520721435547e-01 6.898134946823120117e-02 1.186979748308658600e-02
1.753892749547958374e-01 1.059428453445434570e-01 2.308789789676666260e-01 6.022986769676208496e-02 1.186007633805274963e-02
3.370909094810485840e-01 1.560077816247940063e-01 3.325252532958984375e-01 7.306522130966186523e-02 1.183990854769945145e-02
3.142813146114349365e-01 2.724987864494323730e-01 3.348142504692077637e-01 2.312495857477188110e-01 1.183858700096607208e-02
1.965153217315673828e-01 8.314355611801147461e-01 1.368295997381210327e-01 6.652951240539550781e-02 1.178830303251743317e-02
3.253363966941833496e-01 3.478958904743194580e-01 4.529577493667602539e-01 5.484508872032165527e-01 1.175884436815977097e-02
2.965609431266784668e-01 1.992148607969284058e-01 2.297070026397705078e-01 1.114417612552642822e-01 1.175758615136146545e-02
8.796948939561843872e-02 8.075116574764251709e-02 1.020044237375259399e-01 3.506848216056823730e-02 1.171568967401981354e-02
5.898182988166809082e-01 3.418819308280944824e-01 7.840756177902221680e-01 3.250409662723541260e-01 1.171455811709165573e-02
4.249268174171447754e-01 1.767648309469223022e-01 4.990338087081909180e-01 1.380661427974700928e-01 1.170818880200386047e-02
3.020155131816864014e-01 1.878539919853210449e-01 2.448028326034545898e-01 8.792382478713989258e-02 1.170700415968894958e-02
2.877205610275268555e-01 1.503753811120986938e-01 5.083453655242919922e-01 1.575956940650939941e-01 1.170416735112667084e-02
1.705622375011444092e-01 9.491016715764999390e-02 2.454097718000411987e-01 6.049789488315582275e-02 1.169972866773605347e-02
4.707819819450378418e-01 3.287163674831390381e-01 6.987096071243286133e-01 3.482483029365539551e-01 1.164430938661098480e-02
4.886505305767059326e-01 1.793463528156280518e-01 2.571904063224792480e-01 7.584407925605773926e-02 1.163419988006353378e-02
8.278381824493408203e-02 2.846265733242034912e-01 1.346557736396789551e-01 1.069173812866210938e-01 1.162124518305063248e-02
1.088271439075469971e-01 1.907106935977935791e-01 1.726582050323486328e-01 8.716210722923278809e-02 1.158123183995485306e-02
3.283641338348388672e-01 5.774459242820739746e-01 1.411585807800292969e-01 8.604371547698974609e-02 1.157705206423997879e-02
2.019834369421005249e-01 9.055156260728836060e-02 1.462509930133819580e-01 2.892065048217773438e-02 1.157473213970661163e-02
2.699212431907653809e-01 2.206680476665496826e-01 3.672901391983032227e-01 1.749139279127120972e-01 1.156045403331518173e-02
3.200065791606903076e-01 1.785742938518524170e-01 2.982636690139770508e-01 1.227845847606658936e-01 1.155993621796369553e-02
3.418886959552764893e-01 5.768449902534484863e-01 1.656681299209594727e-01 9.215521812438964844e-02 1.154307462275028229e-02
1.033610552549362183e-01 1.996321231126785278e-02 7.850968837738037109e-02 3.669661283493041992e-02 1.153547130525112152e-02
3.396236002445220947e-01 5.746158957481384277e-01 2.086536437273025513e-01 1.176730394363403320e-01 1.152381952852010727e-02
2.074680626392364502e-01 9.058783203363418579e-02 1.294296234846115112e-01 3.268744051456451416e-02 1.151974033564329147e-02
2.734449207782745361e-01 2.586490809917449951e-01 3.629115223884582520e-01 2.142810821533203125e-01 1.150870695710182190e-02
8.559773117303848267e-02 2.733254134654998779e-01 1.382171064615249634e-01 8.503186702728271484e-02 1.150763873010873795e-02
3.034113645553588867e-01 1.739550828933715820e-01 6.070567369461059570e-01 4.554868340492248535e-01 1.149206608533859253e-02
1.761007010936737061e-01 5.732663869857788086e-01 3.708286881446838379e-01 1.323069334030151367e-01 1.148123666644096375e-02
3.930301070213317871e-01 1.779294759035110474e-01 4.835501909255981445e-01 1.333202123641967773e-01 1.147352810949087143e-02
2.239857167005538940e-01 2.018670588731765747e-01 3.692027032375335693e-01 1.828626692295074463e-01 1.145620737224817276e-02
3.536457121372222900e-01 5.823741555213928223e-01 1.902872920036315918e-01 8.431458473205566406e-02 1.142540201544761658e-02
4.994294047355651855e-01 1.902174949645996094e-01 2.386621236801147461e-01 7.498145103454589844e-02 1.140875089913606644e-02
3.458169400691986084e-01 5.637831687927246094e-01 1.804704070091247559e-01 1.285344064235687256e-01 1.138035766780376434e-02
3.967925906181335449e-01 5.469825863838195801e-01 3.208938837051391602e-01 1.685810089111328125e-01 1.137392222881317139e-02
8.967263251543045044e-02 8.523517102003097534e-02 1.032509654760360718e-01 3.366668522357940674e-02 1.131889130920171738e-02
3.827990591526031494e-01 2.346017509698867798e-01 4.250301718711853027e-01 2.431588470935821533e-01 1.128920167684555054e-02
8.781990408897399902e-02 9.558691084384918213e-02 8.633282780647277832e-02 3.695137798786163330e-02 1.128580607473850250e-02
1.796005517244338989e-01 2.369335889816284180e-01 3.031631410121917725e-01 2.028705030679702759e-01 1.122408360242843628e-02
3.311307430267333984e-01 2.074393779039382935e-01 2.602044343948364258e-01 1.336608827114105225e-01 1.120154000818729401e-02
1.943412125110626221e-01 9.392236918210983276e-02 1.352999657392501831e-01 3.076502680778503418e-02 1.119105610996484756e-02
2.305879741907119751e-01 8.309249877929687500e-01 1.604310572147369385e-01 6.660580635070800781e-02 1.117148622870445251e-02
5.464288592338562012e-01 4.205957949161529541e-01 6.289826631546020508e-01 4.439755082130432129e-01 1.115700602531433105e-02
1.062178388237953186e-01 2.069001644849777222e-01 1.683395653963088989e-01 8.633616566658020020e-02 1.113695371896028519e-02
2.154202610254287720e-01 9.106897562742233276e-02 1.236752569675445557e-01 3.175313770771026611e-02 1.113509479910135269e-02
8.591497689485549927e-02 7.162484526634216309e-02 1.016776412725448608e-01 3.424759209156036377e-02 1.111560687422752380e-02
1.037432849407196045e-01 5.718862414360046387e-01 1.552206277847290039e-01 7.628822326660156250e-02 1.109021529555320740e-02
6.148262619972229004e-01 5.508464574813842773e-01 5.538405179977416992e-01 4.668087959289550781e-01 1.108075305819511414e-02
9.794238954782485962e-02 8.597722649574279785e-02 9.667925536632537842e-02 3.313884139060974121e-02 1.105204131454229355e-02
1.926017403602600098e-01 9.019771218299865723e-02 1.371038109064102173e-01 3.093120455741882324e-02 1.105029042810201645e-02
3.360014855861663818e-01 5.766283273696899414e-01 1.569407582283020020e-01 8.579683303833007812e-02 1.102709863334894180e-02
8.854800462722778320e-02 7.653074711561203003e-02 9.662305563688278198e-02 3.611214458942413330e-02 1.102227438241243362e-02
2.961487770080566406e-01 1.654799133539199829e-01 2.676416635513305664e-01 9.863641113042831421e-02 1.100210938602685928e-02
2.283023893833160400e-01 1.098790168762207031e-01 2.234050035476684570e-01 7.456681132316589355e-02 1.100137736648321152e-02
3.835527598857879639e-01 2.201391011476516724e-01 2.554761767387390137e-01 9.956315159797668457e-02 1.098630018532276154e-02
3.551773130893707275e-01 5.657317638397216797e-01 2.274313569068908691e-01 1.337144374847412109e-01 1.097698323428630829e-02
5.112755894660949707e-01 1.946707218885421753e-01 2.705832421779632568e-01 7.154917716979980469e-02 1.097516529262065887e-02
2.064757198095321655e-01 1.370452940464019775e-01 2.112890183925628662e-01 8.193889260292053223e-02 1.095216162502765656e-02
3.852480649948120117e-01 2.507022619247436523e-01 4.040391147136688232e-01 2.916579842567443848e-01 1.092626433819532394e-02
3.364133238792419434e-01 1.791884452104568481e-01 3.502229452133178711e-01 1.196147426962852478e-01 1.092499122023582458e-02
1.014661937952041626e-01 8.133034110069274902e-01 1.605109870433807373e-01 7.543051242828369141e-02 1.088728196918964386e-02
3.622056543827056885e-01 1.779890507459640503e-01 5.321988463401794434e-01 1.503634750843048096e-01 1.085014734417200089e-02
4.014716744422912598e-01 5.939794778823852539e-01 2.981475889682769775e-01 7.694303989410400391e-02 1.082911808043718338e-02
3.978652358055114746e-01 5.762861371040344238e-01 2.842792272567749023e-01 1.806151866912841797e-01 1.073461025953292847e-02
1.789992451667785645e-01 2.210322022438049316e-01 3.106250166893005371e-01 2.233788967132568359e-01 1.071442011743783951e-02
1.959654837846755981e-01 2.910642623901367188e-01 1.484909951686859131e-01 1.016410738229751587e-01 1.069734059274196625e-02
1.235282793641090393e-01 5.867289900779724121e-01 1.440028995275497437e-01 6.991958618164062500e-02 1.068560779094696045e-02
4.022288918495178223e-01 2.393555939197540283e-01 5.157152414321899414e-01 2.496759146451950073e-01 1.064988784492015839e-02
4.898536801338195801e-01 5.050147771835327148e-01 5.070487260818481445e-01 5.199925899505615234e-01 1.062992587685585022e-02
8.818846195936203003e-02 2.003501206636428833e-01 1.003592759370803833e-01 3.285479545593261719e-02 1.062146387994289398e-02
2.157405316829681396e-01 8.227304816246032715e-01 1.576493382453918457e-01 6.893646717071533203e-02 1.061931997537612915e-02
1.794479638338088989e-01 1.776245236396789551e-01 3.187973797321319580e-01 1.967897564172744751e-01 1.056160032749176025e-02
8.555778861045837402e-02 1.603663861751556396e-01 8.863104134798049927e-02 3.743499517440795898e-02 1.053275819867849350e-02
3.698938488960266113e-01 5.329553484916687012e-01 3.227710723876953125e-01 2.010061740875244141e-01 1.051419787108898163e-02
1.902568936347961426e-01 1.378252506256103516e-01 2.119473218917846680e-01 9.503981471061706543e-02 1.049463078379631042e-02
1.791928261518478394e-01 8.517183363437652588e-02 1.291513144969940186e-01 3.042370080947875977e-02 1.047199685126543045e-02
1.760683655738830566e-01 2.817090749740600586e-01 1.515831947326660156e-01 8.075487613677978516e-02 1.046763360500335693e-02
1.699772179126739502e-01 8.886398375034332275e-02 1.513065695762634277e-01 2.954027056694030762e-02 1.046504173427820206e-02
3.539191484451293945e-01 2.243099212646484375e-01 2.315418720245361328e-01 1.246903687715530396e-01 1.045490335673093796e-02
4.180314242839813232e-01 7.837675809860229492e-01 1.461240053176879883e-01 7.426655292510986328e-02 1.042891852557659149e-02
3.348738849163055420e-01 1.982819437980651855e-01 3.038666844367980957e-01 1.129492074251174927e-01 1.041105482727289200e-02
9.832948446273803711e-02 8.277338743209838867e-02 1.093359291553497314e-01 3.157949447631835938e-02 1.038119848817586899e-02
2.345390617847442627e-01 9.465137124061584473e-02 1.216380149126052856e-01 3.524711728096008301e-02 1.036930643022060394e-02
2.228971868753433228e-01 1.385905891656875610e-01 2.063433825969696045e-01 8.879125118255615234e-02 1.035237498581409454e-02
3.573459386825561523e-01 5.744306445121765137e-01 1.963876485824584961e-01 9.515523910522460938e-02 1.035162806510925293e-02
4.055486321449279785e-01 5.202694535255432129e-01 2.979980707168579102e-01 2.454142570495605469e-01 1.033641770482063293e-02
8.778430521488189697e-02 5.276307463645935059e-01 8.088890463113784790e-02 3.245532512664794922e-02 1.029334217309951782e-02
1.809313893318176270e-01 9.362908452749252319e-02 1.291837692260742188e-01 3.392985463142395020e-02 1.029190979897975922e-02
3.447375595569610596e-01 2.202063649892807007e-01 2.519952654838562012e-01 1.353169381618499756e-01 1.027970109134912491e-02
9.842205047607421875e-02 7.641801238059997559e-02 1.135745644569396973e-01 2.991004288196563721e-02 1.027000322937965393e-02
1.211748570203781128e-01 9.674359858036041260e-02 1.015159711241722107e-01 3.827822208404541016e-02 1.025738473981618881e-02
5.148391723632812500e-01 2.963505089282989502e-01 7.583501338958740234e-01 3.327592015266418457e-01 1.023200992494821548e-02
2.163253128528594971e-01 9.483849257230758667e-02 1.189189404249191284e-01 3.525422513484954834e-02 1.016921084374189377e-02
4.035348296165466309e-01 2.152502238750457764e-01 5.121026039123535156e-01 1.951776295900344849e-01 1.015418488532304764e-02
5.721953511238098145e-02 8.042035251855850220e-02 1.981108784675598145e-01 5.180898308753967285e-02 1.015334110707044601e-02
4.833067357540130615e-01 4.071027934551239014e-01 5.904278159141540527e-01 5.257744193077087402e-01 1.015111245214939117e-02
1.726419180631637573e-01 5.089937448501586914e-01 2.116298377513885498e-01 6.221067905426025391e-02 1.012245845049619675e-02
4.206202030181884766e-01 5.601879954338073730e-01 4.061089754104614258e-01 1.924145519733428955e-01 1.011775806546211243e-02
6.728047728538513184e-01 4.588397741317749023e-01 6.734591722488403320e-01 3.929489850997924805e-01 1.010745204985141754e-02
3.378713130950927734e-01 1.679754704236984253e-01 3.524559736251831055e-01 9.756950289011001587e-02 1.009357348084449768e-02
3.975574374198913574e-01 3.199221193790435791e-01 5.898325443267822266e-01 4.381952881813049316e-01 1.008660066872835159e-02
3.489583730697631836e-01 2.454631924629211426e-01 3.522372543811798096e-01 2.579064369201660156e-01 1.005295198410749435e-02
3.836596608161926270e-01 5.610995888710021973e-01 2.710869312286376953e-01 1.267985105514526367e-01 1.003395486623048782e-02
1.691379547119140625e-01 9.436514973640441895e-02 1.418551802635192871e-01 2.815529704093933105e-02 1.003219373524188995e-02
3.607138991355895996e-01 1.943718343973159790e-01 3.272557258605957031e-01 1.409668028354644775e-01 9.990854188799858093e-03
9.519753605127334595e-02 7.073690742254257202e-02 1.073879748582839966e-01 3.631342947483062744e-02 9.989981539547443390e-03
1.808223426342010498e-01 1.985246092081069946e-01 3.213472962379455566e-01 1.977591216564178467e-01 9.964236989617347717e-03
2.258488535881042480e-01 9.576392173767089844e-02 1.214475482702255249e-01 3.663319349288940430e-02 9.957522153854370117e-03
3.516609072685241699e-01 2.098556309938430786e-01 3.224844932556152344e-01 1.301905214786529541e-01 9.955467656254768372e-03
3.610197901725769043e-01 2.606299817562103271e-01 2.019819617271423340e-01 1.604439765214920044e-01 9.952577762305736542e-03
3.532205820083618164e-01 2.960613965988159180e-01 2.944405376911163330e-01 2.641278505325317383e-01 9.946058504283428192e-03
2.109035551548004150e-01 8.197116255760192871e-01 1.808824539184570312e-01 7.055401802062988281e-02 9.943625889718532562e-03
5.942439436912536621e-01 3.815630078315734863e-01 7.563451528549194336e-01 3.875497281551361084e-01 9.926117956638336182e-03
1.737157106399536133e-01 2.778474986553192139e-01 1.726177334785461426e-01 8.972823619842529297e-02 9.923242032527923584e-03
4.264556467533111572e-01 4.758279025554656982e-01 5.678752064704895020e-01 4.229560494422912598e-01 9.913262911140918732e-03
2.342144548892974854e-01 8.244180083274841309e-01 1.836336255073547363e-01 7.236015796661376953e-02 9.909613057971000671e-03
4.255873858928680420e-01 7.549086213111877441e-01 2.830023169517517090e-01 1.501599550247192383e-01 9.896517731249332428e-03
6.170468330383300781e-01 5.999334454536437988e-01 5.414040088653564453e-01 3.936575651168823242e-01 9.876539930701255798e-03
4.718685150146484375e-01 1.984678655862808228e-01 5.539066791534423828e-01 1.446948349475860596e-01 9.870726615190505981e-03
3.715974390506744385e-01 2.173983007669448853e-01 3.188576102256774902e-01 1.122500598430633545e-01 9.849242866039276123e-03
1.434404700994491577e-01 9.194203466176986694e-02 1.220399141311645508e-01 3.243698179721832275e-02 9.847299195826053619e-03
3.154293894767761230e-01 1.880578845739364624e-01 2.908238172531127930e-01 1.116708815097808838e-01 9.845509193837642670e-03
1.102048158645629883e-01 8.749432116746902466e-02 1.208648085594177246e-01 3.360985219478607178e-02 9.840155951678752899e-03
4.084507822990417480e-01 7.836107015609741211e-01 1.372001767158508301e-01 7.470822334289550781e-02 9.818106889724731445e-03
4.221592247486114502e-01 7.804716825485229492e-01 1.852419972419738770e-01 7.764852046966552734e-02 9.811127558350563049e-03
1.582833975553512573e-01 9.002638608217239380e-02 1.559015810489654541e-01 2.666407823562622070e-02 9.806357324123382568e-03
6.004631519317626953e-01 3.460243642330169678e-01 5.483177900314331055e-01 2.229798436164855957e-01 9.801358915865421295e-03
1.345360577106475830e-01 9.686499089002609253e-02 1.062509119510650635e-01 3.240992128849029541e-02 9.791959077119827271e-03
1.123036667704582214e-01 8.365912735462188721e-02 1.251417845487594604e-01 2.916169166564941406e-02 9.764114394783973694e-03
5.581863522529602051e-01 5.563867688179016113e-01 6.113351583480834961e-01 3.780480325222015381e-01 9.754856117069721222e-03
3.946395516395568848e-01 7.571189999580383301e-01 2.792104482650756836e-01 1.429849863052368164e-01 9.750587865710258484e-03
3.741582036018371582e-01 2.405652701854705811e-01 6.998201608657836914e-01 4.008148312568664551e-01 9.740302339196205139e-03
1.275628507137298584e-01 5.840646624565124512e-01 1.831997036933898926e-01 6.887865066528320312e-02 9.724388830363750458e-03
4.406082034111022949e-01 2.165690958499908447e-01 4.997409582138061523e-01 1.737654209136962891e-01 9.693584404885768890e-03
2.286523729562759399e-01 2.601903975009918213e-01 3.708581030368804932e-01 1.704116463661193848e-01 9.691080078482627869e-03
3.581782579421997070e-01 2.756661176681518555e-01 3.542717695236206055e-01 2.355024218559265137e-01 9.658898226916790009e-03
4.940782785415649414e-01 4.837154448032379150e-01 5.617454051971435547e-01 4.879414439201354980e-01 9.653047658503055573e-03
3.565989434719085693e-01 5.137898921966552734e-01 2.914226651191711426e-01 2.828714847564697266e-01 9.651543572545051575e-03
3.537337779998779297e-01 1.646019667387008667e-01 3.604464828968048096e-01 8.690747618675231934e-02 9.643620811402797699e-03
2.514297366142272949e-01 1.217244416475296021e-01 4.718431234359741211e-01 1.562804281711578369e-01 9.643087163567543030e-03
1.332725733518600464e-01 9.118403494358062744e-02 1.098655164241790771e-01 3.605109453201293945e-02 9.611821733415126801e-03
2.064813971519470215e-01 1.001698523759841919e-01 2.164966911077499390e-01 7.268431782722473145e-02 9.607482701539993286e-03
1.552138775587081909e-01 8.566276729106903076e-02 3.416170775890350342e-01 2.057190239429473877e-01 9.601781144738197327e-03
2.237236052751541138e-01 9.104563295841217041e-02 1.273595988750457764e-01 3.415206074714660645e-02 9.591905400156974792e-03
3.636076450347900391e-01 2.357368171215057373e-01 2.145076990127563477e-01 1.309605240821838379e-01 9.591253474354743958e-03
1.262000650167465210e-01 5.737219452857971191e-01 1.781282126903533936e-01 8.167350292205810547e-02 9.583864361047744751e-03
3.602478802204132080e-01 1.827621757984161377e-01 3.425928950309753418e-01 1.242138147354125977e-01 9.553397074341773987e-03
